# DESCRIPTION: Verilator output: Timestamp data for --skip-identical.  Delete at will.
C "--cc fpu_top.sv"
S   7892640   263190  1706540027   114725491  1598506306           0 "/usr/bin/verilator_bin"
S      5085   660969  1708883545   979748964  1708883545   971748874 "fadd.sv"
S      1057   657728  1709327177   813292036  1709327177   801291380 "fclass.sv"
S       212   661218  1709267533   382901056  1709267533   378901182 "fdiv.sv"
S       132   657733  1709327520   326934484  1709327520   310935513 "feq.sv"
S       248   655426  1708452607    69815805  1708452607    69815805 "finv.sv"
S       959   657738  1709327594   899174892  1709327594   883175498 "fle.sv"
S       958   655402  1709327567   384334053  1709327567   372334612 "flt.sv"
S       400   655563  1709267784   958189531  1709267784   942189453 "fmadd.sv"
S       962   660665  1709327625   310164213  1709327625   298164560 "fmax.sv"
S       962   655690  1709327702   732667681  1709327702   716667852 "fmin.sv"
S       412   657766  1709267753   985997338  1709267753   969997213 "fmsub.sv"
S      2711   661053  1708816523   658422437  1708816523   622422938 "fmul.sv"
S       419   655590  1709267769   254103478  1709267769   246103428 "fnmadd.sv"
S       420   656148  1709267846   644537904  1709267846   628539221 "fnmsub.sv"
S      5596   661176  1709328072   565715769  1709328072   553715424 "fpu_top.sv"
S       137   655658  1707677324   710814585  1707677324   698812863 "fsgnj.sv"
S       139   655702  1707677328   487353348  1707677328   471351078 "fsgnjn.sv"
S       149   655656  1707677332   743953834  1707677332   723951027 "fsgnjx.sv"
S       415   659162  1708637167   456834948  1708637167   456834948 "fsqrt.sv"
S       151   655699  1709267710   909518730  1709267710   897518546 "fsub.sv"
T      3526   662065  1709328075   185791303  1709328075   185791303 "obj_dir/Vfpu_top.cpp"
T      2593   662063  1709328075   185791303  1709328075   185791303 "obj_dir/Vfpu_top.h"
T      1437   662067  1709328075   189791418  1709328075   189791418 "obj_dir/Vfpu_top.mk"
T      1747   662064  1709328075   185791303  1709328075   185791303 "obj_dir/Vfpu_top__Slow.cpp"
T       549   655697  1709328075   185791303  1709328075   185791303 "obj_dir/Vfpu_top__Syms.cpp"
T       795   662062  1709328075   185791303  1709328075   185791303 "obj_dir/Vfpu_top__Syms.h"
T       415   662069  1709328075   189791418  1709328075   189791418 "obj_dir/Vfpu_top__ver.d"
T         0        0  1709328075   189791418  1709328075   189791418 "obj_dir/Vfpu_top__verFiles.dat"
T      1554   662066  1709328075   185791303  1709328075   185791303 "obj_dir/Vfpu_top_classes.mk"
